38,4
38,3
38,0
4,3
4,2
4,1
4,0
3,6
3,5
3,4
3,3
3,2
3,1
3,0
2,5
2,3
2,2
2,1
2,0
1,3
1,2
1,1
1,0
0,428
0,426
0,418
0,413
0,412
0,405
0,401
0,400
0,398
0,390
0,383
0,372
0,343
0,243
70,5
70,1
70,6
70,3
70,0
84,7
84,1
84,5
84,3
0,440
84,0
0,9
0,310
0,305
0,308
0,304
0,303
0,302
0,307
0,12
0,438
0,10
0,8
0,0
0,395
0,300
0,394
0,299
0,393
0,298
0,392
0,297
0,391
0,296
0,431
0,295
0,430
0,294
0,437
0,293
0,336
0,292
0,388
0,291
0,361
0,290
0,421
0,289
0,420
0,288
0,377
0,287
0,367
0,286
0,417
0,285
0,416
0,284
0,384
0,283
0,414
0,282
0,281
0,280
0,365
0,279
0,278
0,385
0,277
0,411
0,276
0,319
0,275
0,409
0,274
0,407
0,273
0,406
0,272
0,363
0,271
0,429
0,270
0,269
0,427
0,268
0,436
0,267
0,266
0,435
0,265
0,425
0,264
0,263
0,424
0,262
0,433
0,261
0,423
0,260
0,345
0,259
0,404
0,258
0,403
0,257
0,422
0,256
0,376
0,255
0,254
0,253
0,382
0,252
0,381
0,251
0,371
0,250
0,318
0,249
0,380
0,248
0,402
0,247
0,389
0,246
0,387
0,245
0,399
0,244
0,331
0,242
0,397
0,241
0,369
0,240
0,366
0,239
0,379
0,238
0,447
0,237
0,396
0,236
0,323
0,235
0,358
0,234
0,362
0,233
0,373
0,232
0,356
0,231
0,357
0,230
0,335
0,229
0,228
0,364
0,227
0,378
0,226
0,333
0,225
0,339
0,224
0,360
0,223
0,359
0,222
0,313
0,221
0,351
0,220
0,337
0,219
0,355
0,218
0,375
0,217
0,353
0,216
0,349
0,215
0,344
0,214
0,338
0,213
0,334
0,212
0,348
0,211
0,347
0,210
0,352
0,209
0,332
0,208
0,419
0,207
0,386
0,206
0,346
0,205
0,342
0,204
0,317
0,203
0,374
0,202
0,321
0,201
